2 0 0 4
430 2 430 6
536 4 536 7
1063 6 1063 2
1063 8 840 6
1063 10 945 5
1063 12 918 7
1063 14 682 4
1063 16 521 3
1063 18 419 6
1063 20 745 1
1063 22 433 3
1063 24 259 1
1063 26 252 4
1085 28 1085 3
1085 30 549 3
1085 32 844 6
1085 34 384 3
1085 36 734 3
1085 38 18 7
1115 40 1115 5
1115 42 1087 6
1115 44 802 4
1115 46 388 5
1115 48 583 6
1115 50 1085 3
1115 52 549 3
1115 54 844 6
1115 56 998 6
1115 58 1034 2
1115 60 244 6
1115 62 945 5
1115 64 587 3
1115 66 615 7
1115 68 1048 7
1115 70 957 5
1115 72 473 3
1115 74 857 3
1116 76 1116 6
1116 78 747 3
1116 80 369 7
1116 82 422 6
1116 84 787 7
1116 86 726 3
1116 88 125 3
1116 90 849 3
1116 92 254 7
1120 94 1120 5
1120 96 995 2
1120 98 595 6
1120 100 78 2
1120 102 292 5
1120 104 498 1
1120 106 612 6
1120 108 126 4
1120 110 742 5
1120 112 274 7
1120 114 799 3
1120 116 290 5
1120 118 934 2
1120 120 687 4
1120 122 594 2
1120 124 932 1
1120 126 416 5
1120 128 484 1
1120 130 77 5
1120 132 130 6
1120 134 174 3
1120 136 636 6
1120 138 640 3
1120 140 488 7
1120 142 130 6
1120 144 1095 2
1120 146 644 2
1120 148 1031 2
1120 150 595 6
1120 152 630 7
1120 154 693 5
1120 156 399 5
1120 158 988 4
1120 160 453 5
1120 162 138 7
1120 164 583 6
1120 166 1085 3
1120 168 549 3
1120 170 221 4
1120 172 493 7
1120 174 200 5
1120 176 329 3
1120 178 89 6
1120 180 816 6
1120 182 996 5
1120 184 166 7
1120 186 613 5
1120 188 816 6
1120 190 915 7
1120 192 1082 5
1120 194 428 5
1120 196 599 3
1120 198 995 2
1120 200 595 6
1120 202 78 2
1120 204 538 4
1120 206 386 3
1120 208 871 5
1120 210 567 1
1120 212 426 1
1120 214 36 6
1120 216 433 3
1120 218 371 1
1120 220 1054 4
1120 222 1038 7
1120 224 383 1
1120 226 293 7
1120 228 483 7
1120 230 714 2
1120 232 1029 3
1130 234 1130 4
1130 236 916 3
1130 238 568 5
1130 240 511 1
1130 242 127 2
1130 244 646 2
1130 246 928 7
1146 248 1146 7
1146 250 132 5
1146 252 595 6
1146 254 929 3
1146 256 82 6
1146 258 473 3
1146 260 1025 6
1146 262 672 1
1146 264 617 1
1146 266 942 5
1146 268 588 4
1146 270 120 1
1146 272 43 7
1146 274 224 2
1146 276 117 6
1146 278 245 3
1146 280 559 6
1146 282 941 1
1146 284 862 5
1146 286 718 2
1146 288 754 3
1146 290 258 1
1146 292 623 5
1146 294 365 5
1146 296 124 5
1146 298 320 4
1146 300 813 5
1146 302 938 4
1146 304 770 1
1146 306 596 7
1146 308 115 5
1146 310 483 7
1146 312 775 2
1146 314 1128 6
1146 316 827 7
1146 318 274 7
1146 320 799 3
1146 322 910 7
1146 324 940 7
1146 326 692 1
1146 328 357 4
1146 330 563 7
1146 332 504 1
1146 334 1122 2
1146 336 17 1
1146 338 390 6
1146 340 402 4
1146 342 781 6
1146 344 254 7
1146 346 973 6
1146 348 1066 5
1146 350 511 1
1146 352 127 2
1146 354 646 2
1146 356 462 1
1146 358 656 3
1146 360 619 2
1146 362 486 3
1146 364 427 1
1146 366 994 2
1146 368 941 1
1146 370 862 5
1146 372 935 3
1146 374 455 5
1146 376 369 7
1146 378 835 5
1146 380 211 7
1146 382 945 5
1146 384 275 5
1146 386 282 4
1146 388 537 2
1146 390 187 4
1146 392 515 4
1146 394 356 5
1146 396 1091 4
1146 398 448 6
1146 400 465 6
1146 402 974 6
1146 404 916 3
1146 406 568 5
1146 408 511 1
1146 410 127 2
1146 412 30 3
1146 414 982 4
1146 416 1027 7
1146 418 438 7
1146 420 473 3
1146 422 17 1
1146 424 390 6
1146 426 248 7
1146 428 986 7
1146 430 528 2
1146 432 217 2
1146 434 1 7
1146 436 663 1
1146 438 438 7
1146 440 12 4
1146 442 99 6
1146 444 1050 5
1146 446 413 4
1146 448 680 4
1146 450 307 7
1146 452 345 3
1146 454 986 7
1146 456 914 7
1146 458 977 6
1146 460 552 6
1146 462 209 6
1146 464 1001 6
1146 466 161 5
1146 468 411 4
1146 470 188 3
1146 472 484 1
1146 474 77 5
1146 476 1138 7
1146 478 1111 4
1146 480 1106 6
1146 482 75 6
1146 484 834 4
1146 486 1 7
1146 488 1102 1
1146 490 230 7
1146 492 1097 6
1146 494 704 5
1146 496 949 6
1146 498 576 7
1146 500 170 4
1146 502 807 2
1146 504 768 1
1146 506 951 3
1146 508 924 3
1146 510 27 7
1146 512 949 6
1146 514 211 7
1146 516 945 5
1146 518 587 3
1146 520 615 7
1146 522 252 4
1146 524 1085 3
1146 526 1094 5
1146 528 836 6
1146 530 954 3
1146 532 221 4
1146 534 1087 6
1146 536 813 5
1146 538 485 6
1146 540 728 4
1146 542 361 3
1146 544 932 1
1146 546 416 5
1146 548 1123 2
1146 550 57 7
1146 552 707 7
1146 554 1084 4
1146 556 1146 7
1146 558 132 5
1146 560 570 6
1146 562 1027 7
1146 564 794 7
1146 566 145 3
1146 568 131 7
1146 570 797 4
1146 572 576 7
1146 574 30 3
1146 576 1112 1
1146 578 343 7
1146 580 306 4
1146 582 358 1
1146 584 854 7
1146 586 136 4
1146 588 10 6
1146 590 183 4
1146 592 912 1
1146 594 804 5
1146 596 91 2
1146 598 725 4
1146 600 778 7
1146 602 891 5
1146 604 1034 2
1146 606 1017 7
1146 608 212 4
1146 610 783 4
1146 612 98 7
1146 614 438 7
1146 616 473 3
1146 618 17 1
1146 620 390 6
1146 622 514 1
1146 624 1037 1
1146 626 68 2
1146 628 284 3
1146 630 870 3
1146 632 910 7
1146 634 609 7
1146 636 1028 7
1146 638 855 3
1146 640 249 7
1146 642 466 3
1146 644 122 5
1146 646 875 3
1146 648 953 6
1146 650 513 5
1146 652 1016 4
1146 654 673 6
1146 656 1062 7
1146 658 283 1
1146 660 63 3
1146 662 717 6
1146 664 265 7
1146 666 962 6
1146 668 311 7
1146 670 437 7
1146 672 984 3
1146 674 848 7
1146 676 80 7
1146 678 201 3
1146 680 130 6
1146 682 132 5
1146 684 570 6
1146 686 60 5
1146 688 667 2
1146 690 1117 3
1146 692 18 7
1146 694 1115 5
1146 696 518 6
1146 698 756 2
1146 700 169 4
1146 702 903 6
1146 704 111 6
1146 706 897 6
1146 708 126 4
1146 710 742 5
1146 712 274 7
1146 714 717 6
1146 716 265 7
1146 718 962 6
1146 720 1131 5
1146 722 693 5
1146 724 1037 1
1146 726 68 2
1146 728 746 4
1146 730 685 4
1146 732 411 4
1146 734 188 3
1146 736 484 1
1146 738 77 5
1146 740 28 1
1146 742 469 4
1146 744 838 4
1146 746 894 7
1146 748 907 1
1146 750 251 3
1146 752 165 2
1146 754 1000 5
1146 756 53 5
1146 758 334 2
1146 760 809 3
1146 762 368 5
1146 764 218 3
1146 766 515 4
1146 768 383 1
1146 770 293 7
1146 772 138 7
1146 774 583 6
1146 776 77 5
1146 778 1138 7
1146 780 626 6
1146 782 522 1
1146 784 289 4
1146 786 22 4
1146 788 1069 5
1146 790 371 1
1146 792 1054 4
1146 794 461 6
1146 796 1090 1
1146 798 535 2
1146 800 236 5
1146 802 196 5
1146 804 764 7
1146 806 474 5
1146 808 207 2
1146 810 1111 4
1146 812 8 5
1146 814 1127 5
1146 816 64 7
1146 818 371 1
1146 820 1054 4
1146 822 1038 7
1146 824 469 4
1146 826 929 3
1146 828 82 6
1146 830 473 3
1146 832 857 3
1146 834 466 3
1146 836 1019 7
1146 838 906 4
1146 840 795 6
1146 842 281 6
1146 844 274 7
1146 846 633 1
1146 848 246 1
1146 850 332 7
1146 852 366 7
1146 854 980 7
1146 856 61 3
1146 858 721 1
1146 860 677 4
1146 862 520 3
1146 864 615 7
1146 866 252 4
1146 868 219 2
1146 870 1033 6
1146 872 384 3
1146 874 593 5
1146 876 84 5
1146 878 929 3
1146 880 1021 1
1146 882 403 3
1146 884 741 4
1146 886 87 5
1146 888 67 4
1146 890 76 1
1146 892 412 7
1146 894 645 1
1146 896 739 4
1146 898 903 6
1146 900 111 6
1146 902 958 4
1146 904 413 4
1146 906 597 3
1146 908 434 7
1146 910 756 2
1146 912 303 5
1146 914 1138 7
1146 916 360 2
1146 918 207 2
1146 920 760 4
1146 922 1053 3
1146 924 698 1
1146 926 543 7
1146 928 7 5
1146 930 328 3
1146 932 279 7
1146 934 738 4
1146 936 261 7
1146 938 670 6
1146 940 166 7
1146 942 21 5
1146 944 998 6
1146 946 65 2
1146 948 969 6
1146 950 390 6
1146 952 514 1
1146 954 1037 1
1146 956 68 2
1146 958 284 3
1146 960 870 3
1146 962 845 6
1146 964 803 6
1146 966 694 1
1146 968 243 5
1146 970 482 2
1146 972 149 7
1146 974 533 4
1146 976 427 1
1146 978 994 2
1146 980 1146 7
1146 982 132 5
1146 984 424 3
1146 986 77 5
1146 988 130 6
1146 990 394 2
1146 992 541 1
1146 994 639 1
1146 996 971 1
1146 998 1113 6
1146 1000 417 6
1146 1002 1131 5
1146 1004 693 5
1146 1006 1037 1
1146 1008 68 2
1146 1010 284 3
1146 1012 101 3
1146 1014 452 7
1146 1016 436 5
1146 1018 666 2
1146 1020 587 3
1146 1022 671 4
1146 1024 1096 7
1146 1026 889 3
1146 1028 556 6
1146 1030 480 3
1146 1032 354 2
1146 1034 868 7
1146 1036 95 7
1146 1038 24 6
1146 1040 939 6
1146 1042 617 1
1146 1044 942 5
1146 1046 497 5
1146 1048 933 6
1146 1050 471 6
1146 1052 544 1
1146 1054 225 6
1146 1056 420 6
1146 1058 667 2
1146 1060 1117 3
1146 1062 18 7
1146 1064 442 4
1146 1066 914 7
1146 1068 406 5
1146 1070 382 4
1146 1072 426 1
1146 1074 36 6
1146 1076 255 2
1146 1078 364 5
1146 1080 940 7
1146 1082 1091 4
1146 1084 454 1
1146 1086 844 6
1146 1088 998 6
1146 1090 752 4
1146 1092 910 7
1146 1094 609 7
1146 1096 802 4
1146 1098 388 5
1146 1100 518 6
1146 1102 756 2
1146 1104 303 5
1146 1106 1138 7
1146 1108 626 6
1146 1110 965 6
1146 1112 1113 6
1146 1114 502 2
1146 1116 18 7
1146 1118 553 6
1146 1120 952 4
1146 1122 650 5
1146 1124 550 1
1146 1126 194 7
1146 1128 676 2
1146 1130 463 2
1146 1132 1129 1
1146 1134 452 7
1146 1136 195 3
1146 1138 562 5
1146 1140 928 7
1146 1142 36 6
1146 1144 156 6
1146 1146 440 6